cores freq perf power
0xF0 2000000 0.855728883233526 0.949233192358817
0xF0 1900000 0.84638727424995 0.884781918088088
0xF0 1800000 0.855245102054639 0.780632786176188
0xF0 1700000 0.873702465214222 0.676417672255692
0xF0 1600000 0.833467648342336 0.590124971040323
0xF0 1500000 0.798518517074065 0.515623542712379
0xF0 1400000 0.75971684173224 0.460297009124374
0xF0 1300000 0.775569737986296 0.544468724202491
0xF0 1200000 0.68326066963276 0.377045727718295
0xF0 1100000 0.639504143371119 0.335011540823259
0xF0 1000000 0.597509298319755 0.297728146153621
0xF0 900000 0.552464163019298 0.264384386246541
0xF0 800000 0.498269005810832 0.234777449593839
0xF0 700000 0.456148368014015 0.212385237604827
0xF0 600000 0.369788968529571 0.219959775911578
0xF0 500000 0.325303112710691 0.171148361384373
0xF0 400000 0.267718101347915 0.148141233742715
0xF0 300000 0.208646087318953 0.125907766743491
0xF0 200000 0.139245588710441 0.0997160755691779
0x70 2000000 0.681584574517067 0.831724823154103
0x70 1900000 0.696971718949265 0.767761203511265
0x70 1800000 0.784134855819693 0.838074850968805
0x70 1700000 0.709839264731693 0.579194575138009
0x70 1600000 0.692726113598568 0.50565760340028
0x70 1500000 0.670272584565277 0.443031050280603
0x70 1400000 0.643966443205023 0.397227837314823
0x70 1300000 0.611240588416775 0.365194729584566
0x70 1200000 0.596278143305107 0.326696897155291
0x70 1100000 0.501542668865493 0.332419059052193
0x70 1000000 0.506605486100911 0.260760682943703
0x70 900000 0.458456928470562 0.230977502329447
0x70 800000 0.404647748295277 0.209189161687411
0x70 700000 0.356130533634307 0.18881258421789
0x70 600000 0.314879039094646 0.170181764887562
0x70 500000 0.270711572495505 0.153256539402608
0x70 400000 0.184287630011075 0.134965616470835
0x70 300000 0.166603821314 0.113863155449793
0x70 200000 0.11135208121717 0.0923878710801125
0x30 2000000 0.549025343246643 0.719042235272824
0x30 1900000 0.52902742960501 0.585847070502774
0x30 1800000 0.537720289537643 0.53991529081617
0x30 1700000 0.523277157208566 0.496764584654645
0x30 1600000 0.472906017272982 0.447162880504429
0x30 1500000 0.474155487489833 0.378902068405394
0x30 1400000 0.461004017745128 0.342477680570862
0x30 1300000 0.436792928837093 0.314988856527743
0x30 1200000 0.395371413906405 0.280717360025294
0x30 1100000 0.368390186422784 0.252512134881654
0x30 1000000 0.344496275515012 0.222738093594067
0x30 900000 0.274179921329146 0.194705222592523
0x30 800000 0.291317144942667 0.181325062739117
0x30 700000 0.263034429420476 0.165986577698628
0x30 600000 0.223797722293791 0.150970936876642
0x30 500000 0.189037839277621 0.134349645063085
0x30 400000 0.161003051145767 0.120173405972948
0x30 300000 0.121003885886892 0.103336463259622
0x30 200000 0.0585004239067366 0.0703825709619079
0x10 2000000 0.352321750860648 0.523722465207316
0x10 1900000 0.343217180458942 0.431576178158321
0x10 1800000 0.337667811307947 0.37943645709602
0x10 1700000 0.325768006046945 0.343239950515833
0x10 1600000 0.311228473817748 0.310280296727826
0x10 1500000 0.296348045041446 0.282251289501986
0x10 1400000 0.209583674777891 0.226061001145543
0x10 1300000 0.266885176354841 0.241799817524724
0x10 1200000 0.246933698494444 0.230696665742771
0x10 1100000 0.229961151110151 0.210491767078917
0x10 1000000 0.213724437450626 0.192110003069061
0x10 900000 0.202762901641127 0.174788262532619
0x10 800000 0.1831473529345 0.157051483420915
0x10 700000 0.107073201382151 0.108975819724561
0x10 600000 0.14160189128945 0.13563401786459
0x10 500000 0.12234309325652 0.124136870326711
0x10 400000 0.105083904414015 0.112002473412496
0x10 300000 0.0763486714666391 0.0947775289905324
0x10 200000 0.0538303705613117 0.0856340127007303
0xF 1400000 0.409148842971071 0.165256806939148
0xF 1300000 0.366977036035167 0.178651241544172
0xF 1200000 0.370236476655505 0.140165386641525
0xF 1100000 0.339559683755875 0.128813151324584
0xF 1000000 0.321696984687031 0.1179850233621
0xF 900000 0.290873875894181 0.106938892069974
0xF 800000 0.260836800757478 0.0966745335202903
0xF 700000 0.230578373705085 0.0899772050375846
0xF 600000 0.179873923481535 0.0753210850355921
0xF 500000 0.173812637634475 0.0774414434320199
0xF 400000 0.145415845395207 0.0730988997703684
0xF 300000 0.108792788739636 0.0682478640281919
0xF 200000 0.0807497030321643 0.0622405790699666
0x7 1400000 0.293755027933924 0.142199868616713
0x7 1300000 0.288197737960745 0.131327217149737
0x7 1200000 0.25873329725436 0.132294292153934
0x7 1100000 0.248175215720055 0.112358084735632
0x7 1000000 0.230185974924678 0.104558228726792
0x7 900000 0.21173941247369 0.0977154397917955
0x7 800000 0.190125804286152 0.0895682519082666
0x7 700000 0.176348184221326 0.0836674755756056
0x7 600000 0.155544212589062 0.0785411977965198
0x7 500000 0.114210116529994 0.0600214394053638
0x7 400000 0.107632291851752 0.0707552232089186
0x7 300000 0.0899772091323325 0.0668489734091605
0x7 200000 0.0599143481861416 0.0624780182700234
0x3 1400000 0.216709207253256 0.127652685782288
0x3 1300000 0.201993985772759 0.118140533150681
0x3 1200000 0.190408690297941 0.1089605473032
0x3 1100000 0.157835190042477 0.0951481457792167
0x3 1000000 0.170450122434428 0.0953818484926672
0x3 900000 0.1571692588333 0.0894968122014833
0x3 800000 0.141163915821759 0.0824688298989263
0x3 700000 0.123780179467494 0.0775733476640511
0x3 600000 0.110184521771367 0.0733217499889876
0x3 500000 0.0984203865735857 0.070027388827338
0x3 400000 0.060683431380797 0.0487861140020736
0x3 300000 0.0630878177152779 0.0638112590517873
0x3 200000 0.0455325379311005 0.0603689766573771
0x1 1400000 0.125244554547088 0.107999563168457
0x1 1300000 0.120607614362935 0.100759318133873
0x1 1200000 0.114405049314818 0.0936115592118435
0x1 1100000 0.109600346687767 0.088186147653271
0x1 1000000 0.0733613774745557 0.065752385507754
0x1 900000 0.0957968242983288 0.0787932815790959
0x1 800000 0.0863194063307957 0.0733219835487949
0x1 700000 0.0754964680071359 0.0693201612089802
0x1 600000 0.0669506253931253 0.0664656029957856
0x1 500000 0.0585557099644492 0.0642661214437722
0x1 400000 0.0488846089226284 0.0616699629379455
0x1 300000 0.0216275845839531 0.0393633601750583
0x1 200000 0.025967199843469 0.0564858399246373
