cores freq perf power
0xF0 2000000 0.194788080642316 0.986635502618471
0xF0 1900000 0.775854030087181 0.874145156113642
0xF0 1800000 0.769050007058254 0.774363645864531
0xF0 1700000 0.763106484822245 0.679630756469094
0xF0 1600000 0.727856867774835 0.593245286586801
0xF0 1500000 0.696799564865287 0.518815826788912
0xF0 1400000 0.662217612934474 0.46337890979373
0xF0 1300000 0.788152030546046 0.45634254866828
0xF0 1200000 0.592700551118588 0.380705793422086
0xF0 1100000 0.555192139322871 0.338673910510545
0xF0 1000000 0.519194173801762 0.30145347126113
0xF0 900000 0.48073968210126 0.26824850637299
0xF0 800000 0.427918198732098 0.239222889812528
0xF0 700000 0.389714725275996 0.216675778909643
0xF0 600000 0.355397575933054 0.18882343985489
0xF0 500000 0.272695006820933 0.174171958894463
0xF0 400000 0.227801304855382 0.151295850011662
0xF0 300000 0.174675370469487 0.127867570259567
0xF0 200000 0.12004954965785 0.101687037590088
0x70 2000000 0.570399973964182 0.867134008139985
0x70 1900000 0.588378445769543 0.7630421077525
0x70 1800000 0.784879370674095 0.738149039851214
0x70 1700000 0.579832797000809 0.587109437342426
0x70 1600000 0.573958432994248 0.512750176641054
0x70 1500000 0.558299224213302 0.449970395563146
0x70 1400000 0.540392858382787 0.403746667822156
0x70 1300000 0.510925657433287 0.371705010623701
0x70 1200000 0.496981565934325 0.332663940188725
0x70 1100000 0.536016044682691 0.293622146984776
0x70 1000000 0.416836573623266 0.266472228402845
0x70 900000 0.37528895787156 0.236256743674514
0x70 800000 0.329746208286455 0.213396067243586
0x70 700000 0.286056268898285 0.193386469342879
0x70 600000 0.257165077246701 0.174721267831224
0x70 500000 0.218650604976365 0.156661488034928
0x70 400000 0.110638713141551 0.141155523153102
0x70 300000 0.13520702050162 0.116418339604203
0x70 200000 0.090197983437906 0.0938077076464702
0x30 2000000 0.437378221327309 0.769208744610889
0x30 1900000 0.420602518860295 0.614546072561847
0x30 1800000 0.422692127607789 0.531221734345055
0x30 1700000 0.41568780884929 0.497781718607193
0x30 1600000 0.198228699597766 0.532480315899363
0x30 1500000 0.368273884335641 0.387182605520919
0x30 1400000 0.355862553030395 0.35064405691824
0x30 1300000 0.335719355486212 0.323561534134728
0x30 1200000 0.300126927569293 0.287850041940284
0x30 1100000 0.279032825325647 0.259507683685751
0x30 1000000 0.264065517074142 0.22888466427637
0x30 900000 0.146028411590062 0.224758736826722
0x30 800000 0.220597477884614 0.186835752913059
0x30 700000 0.198590538743643 0.170834031137009
0x30 600000 0.169043631674244 0.155796136373355
0x30 500000 0.140037350318686 0.138090958294805
0x30 400000 0.119068568037067 0.123156932274197
0x30 300000 0.0882151415383634 0.105245645171126
0x30 200000 0.0451491520096749 0.126050492778664
0x10 2000000 0.231566331988398 0.565587829204206
0x10 1900000 0.225303278653393 0.460110195131673
0x10 1800000 0.224235660785372 0.402005259692292
0x10 1700000 0.213620364657086 0.359890263549046
0x10 1600000 0.204027863881968 0.323522280129803
0x10 1500000 0.193791550276336 0.291550696191687
0x10 1400000 0.0451888611581432 0.314849695122094
0x10 1300000 0.172829340454055 0.249183379823014
0x10 1200000 0.154621209380003 0.22731734716302
0x10 1100000 0.143352013078258 0.206146073337872
0x10 1000000 0.132711072779678 0.187654517782253
0x10 900000 0.126894972067722 0.169989609810192
0x10 800000 0.115306088507444 0.154514537125432
0x10 700000 0.0339707669282949 0.283614687168947
0x10 600000 0.08709235763448 0.132911826371665
0x10 500000 0.073994486659767 0.121049036364975
0x10 400000 0.0645860446948124 0.108383485815735
0x10 300000 0.0441887590381117 0.089716062910769
0x10 200000 0.0328014109624718 0.0805303523651139
0xF 1400000 0.339699823614636 0.168772671544024
0xF 1300000 0.40935785488881 0.157534230004263
0xF 1200000 0.300750530276722 0.142862849307615
0xF 1100000 0.271243256034197 0.131260521276394
0xF 1000000 0.255819087773593 0.120364103170629
0xF 900000 0.232406026000111 0.108907269291599
0xF 800000 0.210659149851654 0.0983286521109341
0xF 700000 0.184174543896924 0.0913112960826639
0xF 600000 0.120470274552915 0.0949130104324502
0xF 500000 0.140249380781076 0.0785686515246626
0xF 400000 0.116105336817586 0.0740316919495481
0xF 300000 0.0878732927364758 0.0692510974260143
0xF 200000 0.0646457008935409 0.0629564897294008
0x7 1400000 0.238050105099592 0.148994590719782
0x7 1300000 0.230111035681928 0.136740929259432
0x7 1200000 0.0635687111788894 0.105047231763893
0x7 1100000 0.195944679481689 0.11549676397126
0x7 1000000 0.181597140009289 0.106905306285592
0x7 900000 0.166396039456319 0.0993891523987691
0x7 800000 0.151471757559449 0.0904568172429
0x7 700000 0.138331783271663 0.0841831851982354
0x7 600000 0.121393965611384 0.0787230676790356
0x7 500000 0.037505294215075 0.107578170531558
0x7 400000 0.083159285065773 0.0704577679781064
0x7 300000 0.0695109268840726 0.0663857189892227
0x7 200000 0.0451356204009207 0.0616880635953136
0x3 1400000 0.160749589127986 0.132193491646177
0x3 1300000 0.151479483099587 0.121794197740953
0x3 1200000 0.142275330699943 0.111661851796399
0x3 1100000 0.0278768133194789 0.118877591211392
0x3 1000000 0.125646845051359 0.0968010372205699
0x3 900000 0.115395416736106 0.0904684034501587
0x3 800000 0.101995746940395 0.0828113743040699
0x3 700000 0.0895943473950086 0.077771002165139
0x3 600000 0.0796687172224424 0.073407735215227
0x3 500000 0.0704157383874336 0.0698586478274188
0x3 400000 0.0184210828342923 0.1041579585107
0x3 300000 0.0441531277878028 0.0633423282981394
0x3 200000 0.031248054587566 0.0597222860273464
0x1 1400000 0.0813350892752942 0.112267415216896
0x1 1300000 0.0783421260612142 0.104188808892775
0x1 1200000 0.0743918323081207 0.0962360732063832
0x1 1100000 0.0705968637021652 0.0903235172156842
0x1 1000000 0.017045136147098 0.105349428158577
0x1 900000 0.0618794268419055 0.0799546419977304
0x1 800000 0.0545982385933673 0.0739585442825227
0x1 700000 0.0471818319978464 0.0696290942323753
0x1 600000 0.0415083563768671 0.0665200757800073
0x1 500000 0.0355310810946818 0.064168452091953
0x1 400000 0.0293353197975816 0.0613684564970518
0x1 300000 0.0116975525155121 0.0540480340590829
0x1 200000 0.0145213861296182 0.055783174032766
