cores freq perf power
0xF0 2000000 1.00010515646785 0.997913251832246
0xF0 1900000 1.02681798631302 0.879085282170224
0xF0 1800000 1.00098618821145 0.781335574518089
0xF0 1700000 0.972303809446986 0.682702760630012
0xF0 1600000 0.938442231372947 0.594963199553084
0xF0 1500000 0.909251401876959 0.519219482450252
0xF0 1400000 0.882843773723187 0.463264360021853
0xF0 1300000 0.853402659786241 0.408280948176509
0xF0 1200000 0.824962853550888 0.37980048854976
0xF0 1100000 0.783788675964616 0.337613955183681
0xF0 1000000 0.746875131844919 0.300201363527759
0xF0 900000 0.710293861296752 0.26675362428732
0xF0 800000 0.657711296784429 0.23759981629713
0xF0 700000 0.635928291002146 0.215012690223106
0xF0 600000 0.524685141329263 0.197394707510866
0xF0 500000 0.471035993633209 0.173569968571851
0xF0 400000 0.414534226470982 0.150447295993677
0xF0 300000 0.324114940230487 0.12828589598206
0xF0 200000 0.219410532740547 0.101606999571001
0x70 2000000 0.956037100759051 0.820276839904911
0x70 1900000 0.955674186315941 0.769384450025636
0x70 1800000 0.939249867489266 0.664491988533498
0x70 1700000 0.896766852936756 0.583462505958874
0x70 1600000 0.876955730480719 0.508436864690327
0x70 1500000 0.845551859950342 0.446078958155916
0x70 1400000 0.811588548257613 0.399839734129829
0x70 1300000 0.787230413557896 0.36779085118108
0x70 1200000 0.793305883574124 0.328886835871665
0x70 1100000 0.76936760638773 0.320351020660067
0x70 1000000 0.707612443141116 0.262965958639966
0x70 900000 0.665456153617729 0.232825549703381
0x70 800000 0.585321464444151 0.211934146613254
0x70 700000 0.540585195643334 0.191229682923863
0x70 600000 0.504584900653667 0.172411347911941
0x70 500000 0.438770794754842 0.15550495446515
0x70 400000 0.380784865794412 0.154088448170792
0x70 300000 0.290623335857282 0.115891744100674
0x70 200000 0.190315354778638 0.0941867058913633
0x30 2000000 0.844646413262367 0.719083510586548
0x30 1900000 0.821587423466901 0.587035600116903
0x30 1800000 0.840538049376997 0.543780243108989
0x30 1700000 0.814947009872105 0.501825936689065
0x30 1600000 0.879765632225559 0.501882790919537
0x30 1500000 0.760047936303249 0.382543236190076
0x30 1400000 0.732043881600303 0.346229023000305
0x30 1300000 0.706442673596511 0.318533687519957
0x30 1200000 0.646002534082768 0.283498926889194
0x30 1100000 0.616288329490203 0.25520306152262
0x30 1000000 0.578693153501415 0.224942243857081
0x30 900000 0.663401998886126 0.250991993021063
0x30 800000 0.519448980657048 0.184072250805503
0x30 700000 0.475766603996151 0.168745990818196
0x30 600000 0.41389195385997 0.153474006277133
0x30 500000 0.363205784085833 0.136617897708189
0x30 400000 0.313647524156283 0.122430177980296
0x30 300000 0.239647235779399 0.105457208251707
0x30 200000 0.200504625444474 0.106683365371827
0x10 2000000 0.645161010543776 0.523804479799282
0x10 1900000 0.637652654570094 0.432759317974315
0x10 1800000 0.631312374661154 0.381173697755886
0x10 1700000 0.614191151777782 0.345254707475579
0x10 1600000 0.595961893556343 0.312734698897605
0x10 1500000 0.573981515174461 0.285334224436298
0x10 1400000 0.741088977401977 0.374652824102606
0x10 1300000 0.534656420984303 0.244251095501578
0x10 1200000 0.495910514631552 0.234424695670416
0x10 1100000 0.468240782106595 0.214179853551784
0x10 1000000 0.441254322825572 0.195899733525634
0x10 900000 0.424690148195164 0.178497233305056
0x10 800000 0.3926308716164 0.160722049712138
0x10 700000 0.50482146957479 0.192444585546034
0x10 600000 0.308911296435275 0.139189371563603
0x10 500000 0.27134816403919 0.127592541620618
0x10 400000 0.231992518214035 0.115404517852979
0x10 300000 0.176734793973417 0.097601487026182
0x10 200000 0.116668806488987 0.0886605029404847
0xF 1400000 0.439016203737288 0.165111510274807
0xF 1300000 0.56732396268913 0.196118649534831
0xF 1200000 0.408700883291982 0.140430413911228
0xF 1100000 0.386097949580158 0.128776909807121
0xF 1000000 0.382371821547817 0.117882155996817
0xF 900000 0.353584870812279 0.106417423898243
0xF 800000 0.324964954901854 0.0962643233179348
0xF 700000 0.287541614445761 0.0896288925090328
0xF 600000 0.398114711189966 0.115744111215348
0xF 500000 0.224853634851436 0.0771336952968859
0xF 400000 0.186993806849432 0.0728620001376293
0xF 300000 0.139085925710588 0.0679637419884061
0xF 200000 0.104271031589723 0.0621985985014879
0x7 1400000 0.386877391168131 0.141197323638635
0x7 1300000 0.389394946461345 0.130301137871654
0x7 1200000 0.492066964756234 0.174202649629762
0x7 1100000 0.337779009749378 0.11145696068032
0x7 1000000 0.313642062816887 0.103740750474406
0x7 900000 0.288647412789028 0.0969253970866395
0x7 800000 0.255680933270235 0.089069298697342
0x7 700000 0.242913777649169 0.0832612545128171
0x7 600000 0.215127277142633 0.0781853437993373
0x7 500000 0.327127778125079 0.107959886662727
0x7 400000 0.146807141140605 0.0705765192513917
0x7 300000 0.123360346199353 0.0668019531526636
0x7 200000 0.0823041076349292 0.0625791687315285
0x3 1400000 0.308448444489696 0.126928164345338
0x3 1300000 0.282646161430126 0.117380044096614
0x3 1200000 0.26700952576763 0.108237742041219
0x3 1100000 0.39007783683169 0.15507752736877
0x3 1000000 0.24321124996924 0.0947742638593327
0x3 900000 0.224094615279309 0.0889885405988364
0x3 800000 0.202880775140653 0.0821739623066474
0x3 700000 0.17584281953547 0.0773475626516691
0x3 600000 0.156188998923222 0.0731680600603908
0x3 500000 0.14250493448599 0.0698747039205566
0x3 400000 0.246616234934997 0.0997598393164611
0x3 300000 0.0903452137736367 0.0638631138170449
0x3 200000 0.0665660417636799 0.0605703388470706
0x1 1400000 0.19264949828188 0.107734614200555
0x1 1300000 0.185852391849295 0.100487516578756
0x1 1200000 0.175314066276597 0.093457120350525
0x1 1100000 0.169679781876625 0.0881169742566603
0x1 1000000 0.244259201321643 0.128928360735715
0x1 900000 0.146181798421105 0.0788046712671507
0x1 800000 0.132709794834138 0.0735600559692129
0x1 700000 0.116125745676373 0.0694870032809719
0x1 600000 0.102616068059962 0.0666260793699536
0x1 500000 0.0915496069062567 0.0645129581358978
0x1 400000 0.0763423374408545 0.0618637361723455
0x1 300000 0.139498115836444 0.086672119962273
0x1 200000 0.0407662607366079 0.0568074030510028
