cores freq perf power
0xF0 2000000 0.88465056321647 0.986429553954531
0xF0 1900000 0.918500633932909 0.906883821142425
0xF0 1800000 0.930735587728889 0.815583297627053
0xF0 1700000 0.93173728187624 0.721099890706577
0xF0 1600000 0.891057127071162 0.625447667305378
0xF0 1500000 0.854642595302535 0.544244040145646
0xF0 1400000 0.814051493366123 0.484737394383432
0xF0 1300000 0.77553063209732 0.445386235203701
0xF0 1200000 0.738401358485058 0.39484965997103
0xF0 1100000 0.693995721640783 0.349385098224126
0xF0 1000000 0.646671107639674 0.309355288557597
0xF0 900000 0.599025244059287 0.272069375128082
0xF0 800000 0.549826437159495 0.240742117369424
0xF0 700000 0.502629781016819 0.217558362556608
0xF0 600000 0.442127757992936 0.19674104001676
0xF0 500000 0.374729275657749 0.172865765574752
0xF0 400000 0.309421169748741 0.149026231239951
0xF0 300000 0.240708358163621 0.125311933794687
0xF0 200000 0.159786713657446 0.0972210596463737
0x70 2000000 0.793564861308801 0.901660727731707
0x70 1900000 0.813050132882406 0.812682973856471
0x70 1800000 0.813219646576025 0.685405136530621
0x70 1700000 0.785675629533494 0.597197185013616
0x70 1600000 0.756225228111636 0.522221059640375
0x70 1500000 0.72695595357093 0.45742431874077
0x70 1400000 0.693440348570024 0.409954101312991
0x70 1300000 0.663166343096877 0.376568511525144
0x70 1200000 0.638391737505979 0.335409182388165
0x70 1100000 0.599491817661231 0.298892501942427
0x70 1000000 0.557952828768668 0.266186783603123
0x70 900000 0.514063787890934 0.234791319341931
0x70 800000 0.462097190055096 0.210337377400791
0x70 700000 0.418217027468532 0.190134235616261
0x70 600000 0.369580889961354 0.171027049113772
0x70 500000 0.319231275840007 0.152766463687283
0x70 400000 0.257918341221687 0.133155050848651
0x70 300000 0.202563632256229 0.111894287325836
0x70 200000 0.135719507705937 0.0890107734820694
0x30 2000000 0.656470647143782 0.772187568349575
0x30 1900000 0.635013648620539 0.619341155461263
0x30 1800000 0.629606301547663 0.555437404643811
0x30 1700000 0.606199900884811 0.486900738861771
0x30 1600000 0.587345725398471 0.426045213464563
0x30 1500000 0.559809291513528 0.373048514184968
0x30 1400000 0.540582623496073 0.335681253910412
0x30 1300000 0.517214261890358 0.311059822473631
0x30 1200000 0.482587396458063 0.27874748657066
0x30 1100000 0.454097178101211 0.249437123053665
0x30 1000000 0.423024762359888 0.22263495300824
0x30 900000 0.397273167203301 0.198116387817606
0x30 800000 0.361666698424741 0.176803028773804
0x30 700000 0.328064418796019 0.162200776517253
0x30 600000 0.286755032315435 0.147032615693679
0x30 500000 0.247844818761401 0.131800645538373
0x30 400000 0.208520456163067 0.115955909671788
0x30 300000 0.160341864879259 0.0985103496092031
0x30 200000 0.110661871401119 0.0800930946306677
0x10 2000000 0.44690054779541 0.544375470489471
0x10 1900000 0.436878539429829 0.442669294351214
0x10 1800000 0.424318891016426 0.385789293215777
0x10 1700000 0.411203184898024 0.346080368730285
0x10 1600000 0.396508077836201 0.310205131224651
0x10 1500000 0.38009101282496 0.279781198389854
0x10 1400000 0.364321188709451 0.25539422903523
0x10 1300000 0.347067073032946 0.236511311462264
0x10 1200000 0.329091225514863 0.222163875767091
0x10 1100000 0.308746028368772 0.201009919218484
0x10 1000000 0.289055512281811 0.181700488196415
0x10 900000 0.271976204821244 0.163448804434649
0x10 800000 0.246755080043592 0.145620252625456
0x10 700000 0.225324118919426 0.13448928906769
0x10 600000 0.19705669716535 0.12355451801275
0x10 500000 0.171202644742965 0.111678024581846
0x10 400000 0.144452729862109 0.0994648374175485
0x10 300000 0.109296308827131 0.0866473318228738
0x10 200000 0.072483209547382 0.0729178415021821
0-3 1400000 0.438273103712097 0.173791610133454
0-3 1300000 0.419937579943262 0.159062499053598
0-3 1200000 0.396689950477032 0.14363283187628
0-3 1100000 0.371424131116334 0.131034146626111
0-3 1000000 0.35331589541407 0.118939836906397
0-3 900000 0.322823918658015 0.107219846294931
0-3 800000 0.29183288311113 0.0953617932690189
0-3 700000 0.262024702836263 0.0880863570310103
0-3 600000 0.22353283312245 0.080833964671027
0-3 500000 0.19750910953366 0.0749418771987193
0-3 400000 0.164583076775593 0.0702828736887416
0-3 300000 0.12517513865525 0.0652211837067968
0-3 200000 0.0903943718343851 0.0591361368585776
0-2 1400000 0.341122425254651 0.151606975128908
0-2 1300000 0.334022449865877 0.138374901805311
0-2 1200000 0.313570670180895 0.124961422764012
0-2 1100000 0.293165863322843 0.115251764278804
0-2 1000000 0.272137055717376 0.105945087709831
0-2 900000 0.25059142404422 0.0977297211314877
0-2 800000 0.222748373204289 0.0881791657079761
0-2 700000 0.206402165689882 0.081708703712591
0-2 600000 0.182400142628711 0.0758821057470235
0-2 500000 0.157822072778698 0.0711780665531355
0-2 400000 0.128588460578555 0.0672127791413601
0-2 300000 0.104481071215065 0.0629656306561872
0-2 200000 0.0711854107563473 0.0582988175253731
0-1 1400000 0.256749219192293 0.132758252336416
0-1 1300000 0.237295528831113 0.121610250315737
0-1 1200000 0.223961953813647 0.110613323349267
0-1 1100000 0.209655841421526 0.102254813302521
0-1 1000000 0.199976200057282 0.0946436026602789
0-1 900000 0.184475812467719 0.0880892443892461
0-1 800000 0.168960187052071 0.0796764406784535
0-1 700000 0.148939332946999 0.0742995923483606
0-1 600000 0.132396200493422 0.0695278975891411
0-1 500000 0.116920036555992 0.0657659251958756
0-1 400000 0.0988388932184872 0.0626395493821741
0-1 300000 0.0760421741703627 0.0593124177198333
0-1 200000 0.054039572894019 0.0554518621264378
0-0 1400000 0.14965542407997 0.108942323481672
0-0 1300000 0.142652675643506 0.100335373882998
0-0 1200000 0.13511779453668 0.0921933379341454
0-0 1100000 0.129101230477773 0.0859951276240139
0-0 1000000 0.120064165962376 0.0803555421064337
0-0 900000 0.112304792389971 0.0752440997482613
0-0 800000 0.10292169120333 0.0686487457856116
0-0 700000 0.0910793377937514 0.0647380556037341
0-0 600000 0.0806714698067867 0.0615104155591622
0-0 500000 0.0700907924295891 0.0589942923413507
0-0 400000 0.0588063421732118 0.0566917610458396
0-0 300000 0.0449499735462452 0.0519508133398219
0-0 200000 0.0316280320273779 0.0515776358195139
