cores freq perf power
0xF0 2000000 0.875360679555163 0.986291713606543
0xF0 1900000 0.913160498056886 0.903271190876604
0xF0 1800000 0.923408815382598 0.80265367065159
0xF0 1700000 0.938918291700808 0.701550234716056
0xF0 1600000 0.901095297493385 0.610247307990537
0xF0 1500000 0.866787163669344 0.532426610867959
0xF0 1400000 0.830559360576154 0.474228392213138
0xF0 1300000 0.795198284813525 0.43666289460118
0xF0 1200000 0.75876111243145 0.387773683836099
0xF0 1100000 0.716487037617418 0.344176970161589
0xF0 1000000 0.673840112618949 0.305408841330037
0xF0 900000 0.626792136774971 0.270870811957216
0xF0 800000 0.573865586663713 0.240132597348813
0xF0 700000 0.532539774938707 0.217067976290514
0xF0 600000 0.46650009798887 0.197072024191718
0xF0 500000 0.389158161160376 0.174236134554517
0xF0 400000 0.326994669283 0.150407605395491
0xF0 300000 0.256168370399421 0.127311310693178
0xF0 200000 0.171953774639888 0.100071601030354
0x70 2000000 0.759042319008785 0.840796652917615
0x70 1900000 0.777662317549894 0.785001003973927
0x70 1800000 0.789340154271629 0.685028171704519
0x70 1700000 0.783108295985302 0.591497001940449
0x70 1600000 0.765539984702868 0.516342748561347
0x70 1500000 0.744533243515472 0.45145701358889
0x70 1400000 0.717746862167792 0.404989935461447
0x70 1300000 0.68829848628602 0.3719891276131
0x70 1200000 0.676681977809 0.332296751860872
0x70 1100000 0.634405147462764 0.296818945811738
0x70 1000000 0.587926291278218 0.264540104417852
0x70 900000 0.538815322938911 0.234244922737837
0x70 800000 0.477239976028116 0.211564707626906
0x70 700000 0.429376861430458 0.190913168402114
0x70 600000 0.38668327007292 0.171868294394415
0x70 500000 0.335576266751619 0.154377544592787
0x70 400000 0.267134890960996 0.135032692728671
0x70 300000 0.213501324471596 0.114019193838737
0x70 200000 0.142452131226129 0.0918205863939186
0x30 2000000 0.632361650358108 0.726553986261816
0x30 1900000 0.611680365626878 0.589725189183012
0x30 1800000 0.624136527633632 0.541739690940859
0x30 1700000 0.607971969295314 0.498201043786891
0x30 1600000 0.589126160219224 0.433123014446812
0x30 1500000 0.558772341845638 0.379632462826997
0x30 1400000 0.544923024444864 0.343039271158737
0x30 1300000 0.523220891576842 0.31517844614939
0x30 1200000 0.479270402427898 0.281165633378213
0x30 1100000 0.451004845088618 0.252602425673065
0x30 1000000 0.424197604161337 0.222824181905915
0x30 900000 0.405222843206522 0.200357349811714
0x30 800000 0.369141540690375 0.180785111179739
0x30 700000 0.336005758835892 0.165374176501258
0x30 600000 0.29069094387817 0.150371386322784
0x30 500000 0.250681440256564 0.133757471148816
0x30 400000 0.215218051209919 0.119284501052905
0x30 300000 0.16391264219126 0.102163800512425
0x30 200000 0.115117737926019 0.0816752379151761
0x10 2000000 0.424242497720681 0.511073174636691
0x10 1900000 0.418010367799093 0.421626911449877
0x10 1800000 0.413917030821419 0.371492512660453
0x10 1700000 0.40122920715117 0.335798640832747
0x10 1600000 0.38933991981748 0.303590197110194
0x10 1500000 0.373380293922696 0.276010601641956
0x10 1400000 0.359006728657709 0.25508270977297
0x10 1300000 0.34272292685245 0.236807969865102
0x10 1200000 0.321269528892806 0.225793054401773
0x10 1100000 0.302150061623523 0.206171488323501
0x10 1000000 0.284452253194024 0.188203729362174
0x10 900000 0.272414750890616 0.171249237141172
0x10 800000 0.247697500210712 0.153665448939809
0x10 700000 0.227870386316523 0.142911064377031
0x10 600000 0.19790744592731 0.132771379860524
0x10 500000 0.172610108220736 0.121325852927703
0x10 400000 0.148813931105477 0.109362503383417
0x10 300000 0.111106449231447 0.0922435453477729
0x10 200000 0.0758887634236819 0.0833763784601272
0xF 1400000 0.423924638082182 0.167573864338178
0xF 1300000 0.409928741773927 0.153134462966185
0xF 1200000 0.388709258640455 0.139478854779029
0xF 1100000 0.359714765025857 0.128177946279177
0xF 1000000 0.344141694542549 0.117197138809135
0xF 900000 0.313519058272836 0.107059223970138
0xF 800000 0.284317799618401 0.0963832358275851
0xF 700000 0.252775467994889 0.0895362189969011
0xF 600000 0.214643107655797 0.0822116327753529
0xF 500000 0.194599500851212 0.0765483198000255
0xF 400000 0.163757597029437 0.0720182652469081
0xF 300000 0.123719434210771 0.0670217177943838
0xF 200000 0.0921677771623528 0.0608351372281962
0x7 1400000 0.313984952645677 0.14311486012144
0x7 1300000 0.310504216816714 0.131895583695268
0x7 1200000 0.292376830914347 0.120396446488212
0x7 1100000 0.269910166786668 0.112129735687024
0x7 1000000 0.25177885060357 0.104088288227468
0x7 900000 0.232830090682496 0.097003155775089
0x7 800000 0.21040378538227 0.0886900822298469
0x7 700000 0.196671476883457 0.0826444889924381
0x7 600000 0.174870420387394 0.0773788914499545
0x7 500000 0.150445536684845 0.0730681649674276
0x7 400000 0.123020299094271 0.0693413351319922
0x7 300000 0.103394765344302 0.0652741765531029
0x7 200000 0.0697252023787623 0.060853222934096
0x3 1400000 0.230849034372439 0.126641545046109
0x3 1300000 0.216101787223108 0.11700456649631
0x3 1200000 0.204589090077151 0.107550160135289
0x3 1100000 0.19264243787512 0.100429466302085
0x3 1000000 0.18549122596512 0.0938137225702333
0x3 900000 0.17201329463052 0.087915509576331
0x3 800000 0.156115063281428 0.0808175622140311
0x3 700000 0.137657299677506 0.0758603803079236
0x3 600000 0.12347199730108 0.0715839951563774
0x3 500000 0.111744307065564 0.068199926204577
0x3 400000 0.0956546900948142 0.0651665023506046
0x3 300000 0.0731257522169097 0.0619950138775912
0x3 200000 0.0534910590428836 0.0584753191055167
0x1 1400000 0.130777169288257 0.105212770997804
0x1 1300000 0.126840797576964 0.0979991151753844
0x1 1200000 0.120960601515863 0.0908984380951671
0x1 1100000 0.11664585661766 0.0855459081224023
0x1 1000000 0.10891907537416 0.0806726881380414
0x1 900000 0.102821782717193 0.0763177751225797
0x1 800000 0.0937110043256212 0.0709063961476949
0x1 700000 0.0828845147791852 0.0669335049718249
0x1 600000 0.0741399791060288 0.0642053233176625
0x1 500000 0.0659893824212687 0.0620250880305171
0x1 400000 0.0557372009744632 0.0594522847290329
0x1 300000 0.0425966234865622 0.0545805456402557
0x1 200000 0.0305891004621276 0.0544075354054743
