cores freq perf power
0xF0 2000000 0.885362302337533 0.985129340091463
0xF0 1900000 0.92125437985384 0.90744442319104
0xF0 1800000 0.929252793979611 0.808061373968649
0xF0 1700000 0.929803856104784 0.714189308648482
0xF0 1600000 0.888894504995703 0.619555242021147
0xF0 1500000 0.852199971350336 0.538874009569668
0xF0 1400000 0.811419194991711 0.479941196246357
0xF0 1300000 0.772786730780703 0.441030980085098
0xF0 1200000 0.73556239638852 0.390986394185157
0xF0 1100000 0.691075927532775 0.345934338370769
0xF0 1000000 0.643763123745649 0.306345112134738
0xF0 900000 0.596143806520715 0.269427941471984
0xF0 800000 0.546995774789378 0.238767292923036
0xF0 700000 0.499932715293029 0.215820955052752
0xF0 600000 0.439674690385541 0.195250214763084
0xF0 500000 0.372550890460738 0.171641616199395
0xF0 400000 0.307519458606003 0.148109794232859
0xF0 300000 0.239350792397897 0.124658677934429
0xF0 200000 0.15880510554605 0.0968286699455779
0x70 2000000 0.795120267987207 0.902265518036996
0x70 1900000 0.812062554980909 0.806501324023249
0x70 1800000 0.811986469093791 0.67988421720939
0x70 1700000 0.784132915192762 0.592397961699873
0x70 1600000 0.754527401763079 0.517986907937901
0x70 1500000 0.725141711699663 0.453732512055723
0x70 1400000 0.691386049986309 0.406608882326936
0x70 1300000 0.660982750226101 0.373468593402952
0x70 1200000 0.636156091412179 0.332632172297446
0x70 1100000 0.59731456695541 0.296408062978258
0x70 1000000 0.555794835641668 0.264002683471894
0x70 900000 0.511953036538359 0.232906603776999
0x70 800000 0.460055586332824 0.208988922289559
0x70 700000 0.416326675788832 0.188959889948344
0x70 600000 0.36780356760532 0.170035741737407
0x70 500000 0.317706804051893 0.151963469971867
0x70 400000 0.256619378481951 0.132519082788984
0x70 300000 0.201546077245009 0.111456950762516
0x70 200000 0.135024915098463 0.0888186881158461
0x30 2000000 0.65591688584235 0.768358299399677
0x30 1900000 0.634342247214004 0.615881701470038
0x30 1800000 0.628758883023029 0.552492325206299
0x30 1700000 0.605162252910211 0.48419747104952
0x30 1600000 0.586121719996056 0.423590573768063
0x30 1500000 0.558626595407024 0.370832596985217
0x30 1400000 0.539315992544871 0.333676098027337
0x30 1300000 0.515834641549049 0.309207508779439
0x30 1200000 0.481206567618247 0.2770599226924
0x30 1100000 0.452592188572425 0.247923224788645
0x30 1000000 0.421616401091146 0.221318014256507
0x30 900000 0.395919261858912 0.1969888774915
0x30 800000 0.36032695005171 0.176061362057532
0x30 700000 0.326800039325776 0.16151853351089
0x30 600000 0.28559138341384 0.146413021752405
0x30 500000 0.24684361127006 0.131328259951147
0x30 400000 0.207683398435474 0.115604500982459
0x30 300000 0.159694336208497 0.0983320878107904
0x30 200000 0.110235797419476 0.0800885753651722
0x10 2000000 0.446683780001286 0.543365063563728
0x10 1900000 0.436565145281965 0.441501317166767
0x10 1800000 0.423936898459806 0.384705087738707
0x10 1700000 0.410738403321103 0.345067834327356
0x10 1600000 0.395980533077318 0.309297221688327
0x10 1500000 0.379524306627724 0.278955310223404
0x10 1400000 0.363710024259159 0.254635858380619
0x10 1300000 0.346408482675857 0.235804224465407
0x10 1200000 0.328423182370376 0.221553600334055
0x10 1100000 0.308068280307838 0.200472855943134
0x10 1000000 0.28838677671922 0.181184179634339
0x10 900000 0.271323932618974 0.163002343430736
0x10 800000 0.246130646542532 0.145466642380953
0x10 700000 0.224740596969842 0.134338293835601
0x10 600000 0.196523964090683 0.12350120433856
0x10 500000 0.170738171335968 0.111655955599718
0x10 400000 0.14406639659323 0.0995022354782737
0x10 300000 0.109005965522565 0.0867575279801207
0x10 200000 0.0722850658727143 0.0731248785736249
0-3 1400000 0.456453460588188 0.173655463561652
0-3 1300000 0.436527191324167 0.158885790190612
0-3 1200000 0.411968858999757 0.143447592076901
0-3 1100000 0.38521628946261 0.130813181201449
0-3 1000000 0.365819948312854 0.118750109810299
0-3 900000 0.334000271144791 0.107006478191681
0-3 800000 0.301642141000224 0.0951927517738069
0-3 700000 0.270626316858335 0.0879744358844624
0-3 600000 0.230707619011079 0.080760208351474
0-3 500000 0.203403907087152 0.0749099173084332
0-3 400000 0.169260163017437 0.0702781843073403
0-3 300000 0.128591393614963 0.0652689929155898
0-3 200000 0.0925672073414875 0.0592439109825739
0-2 1400000 0.354639312119843 0.15147551695355
0-2 1300000 0.346408424306656 0.138242434874908
0-2 1200000 0.325011214955551 0.124891111244168
0-2 1100000 0.303557124208414 0.115204222370942
0-2 1000000 0.281496017577282 0.105920898564842
0-2 900000 0.25889801072009 0.0977103155018249
0-2 800000 0.230066638264907 0.0881363632620974
0-2 700000 0.212761918845079 0.081704182375637
0-2 600000 0.187805089159606 0.0758980028316927
0-2 500000 0.162261276100709 0.0712165243778418
0-2 400000 0.132093517514282 0.0672805544928507
0-2 300000 0.107034278574566 0.0630665555035538
0-2 200000 0.0728142584072405 0.0584413904484362
0-1 1400000 0.265723401298315 0.132885641073329
0-1 1300000 0.245557137769777 0.121777587906784
0-1 1200000 0.231593236019191 0.110795220853433
0-1 1100000 0.216586258729384 0.102402712401078
0-1 1000000 0.206234831757921 0.094781539203512
0-1 900000 0.190037207291884 0.0882728261210047
0-1 800000 0.173869826998279 0.0797542357923777
0-1 700000 0.153193134795049 0.0743946765669257
0-1 600000 0.135975575991916 0.0696328086228665
0-1 500000 0.119860326518838 0.0658663009732903
0-1 400000 0.101139614251995 0.0627667722716284
0-1 300000 0.0777187278868478 0.0594647934180748
0-1 200000 0.0551026391026359 0.0556433055577657
0-0 1400000 0.153980771914945 0.10938251596141
0-0 1300000 0.14664020560114 0.100741849761366
0-0 1200000 0.138794275261708 0.0925477815247306
0-0 1100000 0.132445238163003 0.0863887155266981
0-0 1000000 0.123084293763668 0.0807191432139495
0-0 900000 0.114989536227947 0.0755762863395754
0-0 800000 0.105297372716031 0.0688685067576106
0-0 700000 0.0931329588551771 0.0649708276903926
0-0 600000 0.0824093870399632 0.061735353928583
0-0 500000 0.0715119365851701 0.0592570679683785
0-0 400000 0.0599131091626789 0.0569374678006821
0-0 300000 0.0457498848627418 0.0521945631789866
0-0 200000 0.0321165652373955 0.0518444180855259
