cores freq perf power
0xF0 2000000 0.924670716580665 0.986895982669516
0xF0 1900000 0.961312294647262 0.890600662256949
0xF0 1800000 0.944969604891978 0.788110736532106
0xF0 1700000 0.9306540877174 0.69110548565582
0xF0 1600000 0.892858746114954 0.602193506121423
0xF0 1500000 0.859317789149609 0.525958630485845
0xF0 1400000 0.823998302098828 0.469322260771744
0xF0 1300000 0.787924963381641 0.432312948451591
0xF0 1200000 0.753010597431234 0.384474006543284
0xF0 1100000 0.709980186479357 0.341491249481683
0xF0 1000000 0.668797974028745 0.303421739141075
0xF0 900000 0.622256398120353 0.269354011986077
0xF0 800000 0.569227677408102 0.239630128042416
0xF0 700000 0.530888993187194 0.216857573484758
0xF0 600000 0.465501424509302 0.197200935356029
0xF0 500000 0.38542538962372 0.173484305725339
0xF0 400000 0.328924179994232 0.150289276154847
0xF0 300000 0.255163728043085 0.126499189911592
0xF0 200000 0.173747761930134 0.100031808789763
0x70 2000000 0.809264554858432 0.883104083514028
0x70 1900000 0.817451795132155 0.773702768497594
0x70 1800000 0.794263621991215 0.679710349318087
0x70 1700000 0.787716611933349 0.589969565206943
0x70 1600000 0.768566980233772 0.515020862864089
0x70 1500000 0.74842311154304 0.451341436710288
0x70 1400000 0.720748251862776 0.40473952431869
0x70 1300000 0.691476903472537 0.372200123831689
0x70 1200000 0.679865037327897 0.332691217590841
0x70 1100000 0.636345338538622 0.297286788188234
0x70 1000000 0.589399440078219 0.265581840412259
0x70 900000 0.543577366756793 0.235134637500726
0x70 800000 0.477228204843557 0.211625923529244
0x70 700000 0.432607157878507 0.19170322725276
0x70 600000 0.393809775439341 0.172894561618388
0x70 500000 0.339357056253046 0.15464143425266
0x70 400000 0.274259444943806 0.135752734674329
0x70 300000 0.218277788014701 0.114252531318061
0x70 200000 0.144939983850459 0.091621730849231
0x30 2000000 0.681316463079765 0.772158733835883
0x30 1900000 0.659844139838865 0.614695273314499
0x30 1800000 0.664763301010443 0.529479767961011
0x30 1700000 0.645646083646064 0.491280937753313
0x30 1600000 0.624982612086477 0.431850418720149
0x30 1500000 0.590078311033909 0.381489164386936
0x30 1400000 0.573645977981454 0.345054313223451
0x30 1300000 0.549473053330879 0.318374986915106
0x30 1200000 0.502347704187431 0.283330654950607
0x30 1100000 0.474303364834603 0.254982260236143
0x30 1000000 0.446806091784023 0.225082276966584
0x30 900000 0.424282046498675 0.201062067601133
0x30 800000 0.387715980737414 0.182549614710968
0x30 700000 0.352774665531551 0.166811807897545
0x30 600000 0.305949000549532 0.151884779222953
0x30 500000 0.262894754442994 0.13466991684298
0x30 400000 0.224760940894646 0.119645531917725
0x30 300000 0.170864259244752 0.101948367292677
0x30 200000 0.119032162951337 0.0809022533693529
0x10 2000000 0.47375779783156 0.554825454861025
0x10 1900000 0.464131785677954 0.450047687803703
0x10 1800000 0.458008877322537 0.392318005320214
0x10 1700000 0.444504416054947 0.350542662879587
0x10 1600000 0.428683667769417 0.314485650332653
0x10 1500000 0.411625685076287 0.282765992414865
0x10 1400000 0.394483283107867 0.259270298585865
0x10 1300000 0.375472828567701 0.240945981216241
0x10 1200000 0.351304037941637 0.219292378461166
0x10 1100000 0.330411582479952 0.198436409307329
0x10 1000000 0.309790657555179 0.180220195346151
0x10 900000 0.295278926237982 0.162850201543273
0x10 800000 0.268379375293468 0.147694173741623
0x10 700000 0.245472139717849 0.137051115714142
0x10 600000 0.212715059972374 0.126698009687785
0x10 500000 0.185200703691178 0.115167937699339
0x10 400000 0.158295628893525 0.102932413485913
0x10 300000 0.117972540821799 0.0855330190681037
0x10 200000 0.0800447484367569 0.0761960721300925
0xF 1400000 0.425509011495593 0.169155327588334
0xF 1300000 0.410839813104805 0.156609600808751
0xF 1200000 0.386491885947194 0.142162559929784
0xF 1100000 0.357941195988934 0.130480812526618
0xF 1000000 0.344385684159218 0.119416362822503
0xF 900000 0.316793738057031 0.10800137091527
0xF 800000 0.290026125198959 0.0973046904800377
0xF 700000 0.257158199422508 0.0901641795072652
0xF 600000 0.220447749593848 0.0830226453043292
0xF 500000 0.19930437687508 0.0772624819879704
0xF 400000 0.166584050240149 0.0726230471445041
0xF 300000 0.126644495046251 0.0677753263231894
0xF 200000 0.0935286776404359 0.0614437133123779
0x7 1400000 0.337488710545552 0.148843231652287
0x7 1300000 0.332516680266592 0.136226521116641
0x7 1200000 0.312368905732933 0.123866051795743
0x7 1100000 0.289211320368902 0.114526977203327
0x7 1000000 0.269170062587343 0.105811423128511
0x7 900000 0.248499715577165 0.0981694237159499
0x7 800000 0.224614694149758 0.0891372865910048
0x7 700000 0.209175887423685 0.0827477880461116
0x7 600000 0.185459271893151 0.0772053532815696
0x7 500000 0.158984168978609 0.0727205263218665
0x7 400000 0.129970362131119 0.0688007768923257
0x7 300000 0.108299357104261 0.0646655957451346
0x7 200000 0.0727277699938926 0.0599474042405117
0x3 1400000 0.254799500600176 0.130721591621758
0x3 1300000 0.238460151265614 0.120149611016366
0x3 1200000 0.225595275818216 0.109925055742721
0x3 1100000 0.21188834525506 0.102179531722952
0x3 1000000 0.203162643630101 0.0949868125673438
0x3 900000 0.187975692092403 0.0886104070727159
0x3 800000 0.170248014837592 0.0809317430915327
0x3 700000 0.150431260632749 0.0758344384616746
0x3 600000 0.134500575798803 0.0714269758416148
0x3 500000 0.120897448492822 0.0678804710485191
0x3 400000 0.103019567439441 0.0647377394082906
0x3 300000 0.0786318157861539 0.0613441863691902
0x3 200000 0.057013420353453 0.0577158651780187
0x1 1400000 0.15151484301823 0.109503988750246
0x1 1300000 0.146469803735435 0.101435946969573
0x1 1200000 0.139080802250347 0.0935826507521296
0x1 1100000 0.133533646796825 0.0877157608537526
0x1 1000000 0.124482309576844 0.0823265527441773
0x1 900000 0.116926282728532 0.0774480653288586
0x1 800000 0.106251928870721 0.0714663924728947
0x1 700000 0.0939769918070269 0.0672565549460214
0x1 600000 0.0837268113099491 0.0641921218724424
0x1 500000 0.0739210212807746 0.0618596172918492
0x1 400000 0.0621503249497261 0.0591671650692296
0x1 300000 0.0473155304417179 0.0568825605885588
0x1 200000 0.0335844731201147 0.0537548124199276
