cores freq perf power
0xF0 2000000 0.877561570653054 0.986159918782348
0xF0 1900000 0.910645885013675 0.895858238559293
0xF0 1800000 0.920449252724478 0.797696455715872
0xF0 1700000 0.937027482812104 0.697576702993608
0xF0 1600000 0.899316628800903 0.607608671911167
0xF0 1500000 0.865829436988294 0.530340818972371
0xF0 1400000 0.830522443142281 0.473249256710993
0xF0 1300000 0.794744593139184 0.436034317296968
0xF0 1200000 0.759912846325129 0.387751461447471
0xF0 1100000 0.716706292913242 0.344481683144654
0xF0 1000000 0.67529475138453 0.306116537326754
0xF0 900000 0.628456555854823 0.271781678902956
0xF0 800000 0.575181089406599 0.241845181751424
0xF0 700000 0.534368647352967 0.218892003396737
0xF0 600000 0.468248808267736 0.199076959243919
0xF0 500000 0.390423011935678 0.176152822591472
0xF0 400000 0.328250759327774 0.152538439129479
0xF0 300000 0.257320331122978 0.129688629933959
0xF0 200000 0.173117818839772 0.102649241363569
0x70 2000000 0.770498660916212 0.846120692364784
0x70 1900000 0.789005148265939 0.788459702990514
0x70 1800000 0.799533821548607 0.688362231684071
0x70 1700000 0.794712515085456 0.595756852436018
0x70 1600000 0.77545287592587 0.519904304449747
0x70 1500000 0.755252925559041 0.455540358148894
0x70 1400000 0.727433916269806 0.408481116438687
0x70 1300000 0.698194307831455 0.375597915741901
0x70 1200000 0.686467744660333 0.335892624848984
0x70 1100000 0.642728356493686 0.300135766870247
0x70 1000000 0.595462869904217 0.268119598322845
0x70 900000 0.546843590877573 0.237434802161685
0x70 800000 0.484409047419891 0.215321793105797
0x70 700000 0.436131494826589 0.194430522615725
0x70 600000 0.392206285707447 0.175260977715561
0x70 500000 0.340210666430676 0.157654608774358
0x70 400000 0.271534346130982 0.138250459033396
0x70 300000 0.216745976674271 0.117150498205527
0x70 200000 0.144921684159242 0.0949455473989357
0x30 2000000 0.655482192989807 0.744462878417894
0x30 1900000 0.635446108788804 0.604749067675538
0x30 1800000 0.646559254765457 0.554573462314583
0x30 1700000 0.629285591732476 0.509871809162748
0x30 1600000 0.611327082883745 0.444129044565432
0x30 1500000 0.578908019831612 0.389165975174298
0x30 1400000 0.56515463440997 0.351727017994053
0x30 1300000 0.541858446883625 0.323688757784474
0x30 1200000 0.496328661120004 0.288415123288832
0x30 1100000 0.467747257701521 0.25945973788725
0x30 1000000 0.439518129363444 0.228935484490696
0x30 900000 0.418774079275074 0.205832283483132
0x30 800000 0.381129027194044 0.186472171436723
0x30 700000 0.347444853655241 0.17082113827826
0x30 600000 0.300842615611578 0.155381215987844
0x30 500000 0.25891867572965 0.138262882919734
0x30 400000 0.221984700203761 0.123501750281414
0x30 300000 0.169359068283071 0.106083711215219
0x30 200000 0.118821079698188 0.0853359216816073
0x10 2000000 0.461326163832236 0.540586590540027
0x10 1900000 0.452030942293361 0.445298444101435
0x10 1800000 0.446877654456016 0.391042340305118
0x10 1700000 0.433744820574339 0.35336069491715
0x10 1600000 0.418858282762721 0.319271315062788
0x10 1500000 0.402188130915388 0.290281341604098
0x10 1400000 0.385997724762217 0.26785880897019
0x10 1300000 0.368054252966076 0.248441463970779
0x10 1200000 0.345157799617295 0.23638431286771
0x10 1100000 0.324448722137611 0.215547665112228
0x10 1000000 0.304501845248297 0.196662552844557
0x10 900000 0.290723730242601 0.178759574188076
0x10 800000 0.26424726189381 0.160775774473854
0x10 700000 0.242024592367817 0.149600972325104
0x10 600000 0.209953686144771 0.138735514369224
0x10 500000 0.183137681310248 0.126860567548728
0x10 400000 0.156931549106386 0.11435142593052
0x10 300000 0.117313862790018 0.0967337148663222
0x10 200000 0.0800938342094877 0.0872527993938119
0xF 1400000 0.410728665163182 0.170202649238214
0xF 1300000 0.397370571249573 0.157948380132006
0xF 1200000 0.377030406616179 0.144404018728163
0xF 1100000 0.349232065037331 0.13261910613793
0xF 1000000 0.334632163147921 0.121487654268368
0xF 900000 0.305601702331501 0.109997135943376
0xF 800000 0.277369239903144 0.0992787373333219
0xF 700000 0.246758428738329 0.0924105797343645
0xF 600000 0.209685451431457 0.0851241062256566
0xF 500000 0.190565853322307 0.0795062398498265
0xF 400000 0.160608427932 0.0750100283392715
0xF 300000 0.121693078100377 0.0700018734793437
0xF 200000 0.0910994855027954 0.0637639219309198
0x7 1400000 0.309886653075417 0.146660434971759
0x7 1300000 0.306953596860859 0.135392477152436
0x7 1200000 0.289026958741624 0.123938689549366
0x7 1100000 0.267179986971604 0.115615311430591
0x7 1000000 0.249254845937578 0.107507444712377
0x7 900000 0.230771846156334 0.100359446659918
0x7 800000 0.208765328833735 0.0919168879307107
0x7 700000 0.195486696046372 0.0858139118296359
0x7 600000 0.173961473856973 0.0805059198352488
0x7 500000 0.149794375264703 0.0762544367751607
0x7 400000 0.122773842895168 0.0724572101062496
0x7 300000 0.103357025655164 0.068399370934769
0x7 200000 0.0700083930479445 0.0638629368774217
0x3 1400000 0.235777599519383 0.131353050146706
0x3 1300000 0.220779576679692 0.121537948388279
0x3 1200000 0.209309131631822 0.111962628296403
0x3 1100000 0.196982351568717 0.104668569103082
0x3 1000000 0.189695652938106 0.0978651269184891
0x3 900000 0.175932379069058 0.0918079615358158
0x3 800000 0.159702913186202 0.0844916552938443
0x3 700000 0.141153939898088 0.0794302420997819
0x3 600000 0.126643099211941 0.0750475826916387
0x3 500000 0.114503338180044 0.0716128258731929
0x3 400000 0.0981129783764174 0.0685348570860301
0x3 300000 0.0752185213650449 0.0652018100393833
0x3 200000 0.0551100607339022 0.061633899451531
0x1 1400000 0.142343696959532 0.110914050908104
0x1 1300000 0.13799279573642 0.103367553527775
0x1 1200000 0.131342281147411 0.0959685211748839
0x1 1100000 0.126429543416097 0.0903507301677155
0x1 1000000 0.118096638664628 0.0852049479291739
0x1 900000 0.111281200726009 0.0805578019839518
0x1 800000 0.101345037483477 0.074964221320324
0x1 700000 0.0897152268473303 0.0708288517752394
0x1 600000 0.0802056532122242 0.0678823239090098
0x1 500000 0.0711723665744871 0.0656313610912112
0x1 400000 0.0600213736758224 0.06294739630282
0x1 300000 0.0459347754901675 0.0579075846712924
0x1 200000 0.0329641445354987 0.0575895240108187
