cores freq perf power
0xF0 2000000 0.949158938733602 1
0xF0 1900000 1 0.921549815627929
0xF0 1800000 0.955193826391847 0.762124683701228
0xF0 1700000 0.90410044674553 0.652875835037551
0xF0 1600000 0.850857991720462 0.561627573691679
0xF0 1500000 0.800438007230942 0.484737825904232
0xF0 1400000 0.750297102161637 0.431023568324931
0xF0 1300000 0.697749341896866 0.39278267306972
0xF0 1200000 0.646897357756879 0.345891852635984
0xF0 1100000 0.59325676398947 0.303810531979806
0xF0 1000000 0.540297211390373 0.265882814272174
0xF0 900000 0.487375888848838 0.230810797503724
0xF0 800000 0.433049884763684 0.204492277825939
0xF0 700000 0.379277124225841 0.185728880737559
0xF0 600000 0.325122063112364 0.19760448190305
0xF0 500000 0.27047984183679 0.147455278562724
0xF0 400000 0.215444397111992 0.124801692319325
0xF0 300000 0.160149534139441 0.104133908459311
0xF0 200000 0.103992856440672 0.0812624519287411
0x70 2000000 0.833394501425435 0.964344358144287
0x70 1900000 0.82302814824524 0.77268550186658
0x70 1800000 0.781259625782351 0.639532115205728
0x70 1700000 0.737761466286551 0.54927930478453
0x70 1600000 0.698565826697688 0.476365382011546
0x70 1500000 0.654490393332678 0.41374358830077
0x70 1400000 0.613845288418477 0.367965858196161
0x70 1300000 0.5697982545248 0.335167675716167
0x70 1200000 0.526650173127546 0.296936803549228
0x70 1100000 0.483527760483228 0.261807285905955
0x70 1000000 0.440504199844895 0.229945822570236
0x70 900000 0.396168802088453 0.200458776093
0x70 800000 0.353289423381503 0.178414312266677
0x70 700000 0.308392043778877 0.162061204142173
0x70 600000 0.263866588021977 0.145467541899147
0x70 500000 0.21988236065144 0.128238204847306
0x70 400000 0.174949481709648 0.111897757465882
0x70 300000 0.129757184520104 0.0925929377671725
0x70 200000 0.084247031709102 0.0729854911401175
0x30 2000000 0.634852158905965 0.775123398284118
0x30 1900000 0.602096645585521 0.591476682252276
0x30 1800000 0.571608720822274 0.497809515603487
0x30 1700000 0.543262771569945 0.436305384156839
0x30 1600000 0.512247272012321 0.379517027820225
0x30 1500000 0.480441502550491 0.331462298241388
0x30 1400000 0.448732400519929 0.297642639975945
0x30 1300000 0.41656836080436 0.273282139384231
0x30 1200000 0.384723268997608 0.243276881658979
0x30 1100000 0.353388821531168 0.215484088786978
0x30 1000000 0.321750172035259 0.189885297184567
0x30 900000 0.289369859422617 0.166278814180736
0x30 800000 0.257365293661456 0.148927617476749
0x30 700000 0.224335070070234 0.135412450082383
0x30 600000 0.191927996417297 0.12169312820585
0x30 500000 0.159079638671342 0.107652715817313
0x30 400000 0.125989885419056 0.093982102632907
0x30 300000 0.0930208299199353 0.0789743743043185
0x30 200000 0.060003167633341 0.0635729320346693
0x10 2000000 0.353419951720899 0.496986215615972
0x10 1900000 0.335504800602943 0.392498509725033
0x10 1800000 0.318501709429717 0.336318396587226
0x10 1700000 0.301374643641249 0.297557883334769
0x10 1600000 0.283645727517995 0.262742598300999
0x10 1500000 0.266240674596673 0.231246538078064
0x10 1400000 0.248257801662461 0.208413591307697
0x10 1300000 0.230597153499143 0.192552845414085
0x10 1200000 0.212660702777687 0.17238129234535
0x10 1100000 0.194705683171129 0.15362563237774
0x10 1000000 0.176491245316818 0.136306966749723
0x10 900000 0.158621424124259 0.119526031015304
0x10 800000 0.140353464189359 0.107385609307053
0x10 700000 0.121950060621948 0.0997559290084001
0x10 600000 0.103602909853524 0.0903686913891121
0x10 500000 0.0855097158960579 0.0807992797443937
0x10 400000 0.067064805409007 0.0712026123333222
0x10 300000 0.0487100086290701 0.0615085275379954
0x10 200000 0.0305709386025276 0.0517662615815027
0xF 1400000 0.382393966204629 0.146541946624417
0xF 1300000 0.356436303262662 0.132569585729936
0xF 1200000 0.324237310351607 0.118787487668964
0xF 1100000 0.304880886063506 0.107815019509853
0xF 1000000 0.280923201275792 0.0976855458274939
0xF 900000 0.254275758866643 0.0883063970162849
0xF 800000 0.227434981594958 0.0785702855876783
0xF 700000 0.199326604843202 0.0719624327617829
0xF 600000 0.171960437351859 0.065157810887184
0xF 500000 0.143535297266005 0.0603416290507784
0xF 400000 0.115064827254754 0.0564454612115276
0xF 300000 0.0861164815239593 0.0522487765677781
0xF 200000 0.0562435145438062 0.0479849196482424
0x7 1400000 0.307606143024107 0.131391081561562
0x7 1300000 0.287784950464768 0.118847098667633
0x7 1200000 0.267859990606329 0.106645307524174
0x7 1100000 0.246936680101801 0.0972906009808559
0x7 1000000 0.225436095728064 0.0884284325120849
0x7 900000 0.203205863398543 0.0810802779033106
0x7 800000 0.181516859455386 0.072795228306608
0x7 700000 0.159943091828598 0.0664166756053857
0x7 600000 0.137548470251554 0.0608016360493558
0x7 500000 0.11464975805835 0.056830031282586
0x7 400000 0.0917696147502485 0.054780221809185
0x7 300000 0.0683111052855785 0.0501583472103284
0x7 200000 0.0445019715786829 0.0468225930960265
0x3 1400000 0.218912409476685 0.112400670316009
0x3 1300000 0.204816441109327 0.10252616993179
0x3 1200000 0.190025777981671 0.0926595825119969
0x3 1100000 0.174717916789549 0.0847381775915398
0x3 1000000 0.159283350263787 0.0781906391389288
0x3 900000 0.14426385293443 0.0723239673141816
0x3 800000 0.128360695131675 0.0651782087510353
0x3 700000 0.113064302956822 0.0601116255514897
0x3 600000 0.0965953403021267 0.0557892126952084
0x3 500000 0.0804906554816441 0.0527678670340627
0x3 400000 0.0639709014647573 0.0501929884101448
0x3 300000 0.0473178883900777 0.0475941950492978
0x3 200000 0.0306741597579491 0.0447986326397474
0x1 1400000 0.11631658856812 0.0889893737679954
0x1 1300000 0.108090026324125 0.0819070947639035
0x1 1200000 0.0991933457854092 0.0754687552203585
0x1 1100000 0.0914561282782274 0.0699365380253109
0x1 1000000 0.0834234470404474 0.0651203561889053
0x1 900000 0.0752280149861826 0.0606432009172005
0x1 800000 0.0667098120173455 0.0553872341024149
0x1 700000 0.0580905724678048 0.052255282782972
0x1 600000 0.0494713329182641 0.0493538624937795
0x1 500000 0.0409766141276447 0.0473437936861578
0x1 400000 0.0321553014166967 0.0458380444778938
0x1 300000 0.0233831416369018 0.0440827731247593
0x1 200000 0.0148835075531671 0.0421813756952419
