cores freq perf power
0xF0 2000000 0.872764589050612 0.983672958218519
0xF0 1900000 0.959347987236664 1
0xF0 1800000 1 0.978055769693391
0xF0 1700000 0.942739266373203 0.848047507162227
0xF0 1600000 0.891573483550701 0.734673483084022
0xF0 1500000 0.841219263224935 0.636476819807112
0xF0 1400000 0.790807619130227 0.563482072562656
0xF0 1300000 0.742960769526692 0.511736860593535
0xF0 1200000 0.689835751958231 0.450176219492193
0xF0 1100000 0.638033087334726 0.394209018118795
0xF0 1000000 0.584520559717106 0.342577766205222
0xF0 900000 0.525575663244531 0.297707403884005
0xF0 800000 0.468059132828807 0.255286926475091
0xF0 700000 0.410475139523696 0.220992296505271
0xF0 600000 0.350746790091629 0.194162477310502
0xF0 500000 0.291458957264669 0.167495653457551
0xF0 400000 0.232457841717605 0.139785932784411
0xF0 300000 0.172095823003078 0.113709582622578
0xF0 200000 0.11209079541156 0.0841843603748414
0x70 2000000 0.738944719784055 0.930429009207016
0x70 1900000 0.789878398141879 0.89884738031973
0x70 1800000 0.747018983575196 0.757012216791322
0x70 1700000 0.710058556181729 0.657670485609937
0x70 1600000 0.673363161567998 0.572248112397761
0x70 1500000 0.635314091953525 0.496944947896164
0x70 1400000 0.596167545692053 0.443279500448323
0x70 1300000 0.558640510340696 0.403715371178323
0x70 1200000 0.516691844780742 0.356184631008617
0x70 1100000 0.478994144381827 0.313029478578927
0x70 1000000 0.436684472050687 0.274436999737567
0x70 900000 0.393984077151845 0.238288425895552
0x70 800000 0.353755715271269 0.204336017801688
0x70 700000 0.307119583593347 0.178386270939947
0x70 600000 0.263494384919153 0.157607952805843
0x70 500000 0.218395844928517 0.13661128242138
0x70 400000 0.173333044206665 0.116989479453702
0x70 300000 0.128426853763747 0.0939710859248567
0x70 200000 0.083148011169927 0.0708170337991515
0x30 2000000 0.553379208098117 0.796609833573897
0x30 1900000 0.528848014944636 0.629485105574509
0x30 1800000 0.500766988801964 0.533924900494248
0x30 1700000 0.474477744876234 0.469321508824301
0x30 1600000 0.449903584287251 0.409950540994183
0x30 1500000 0.424231545486452 0.360291806084066
0x30 1400000 0.398368763397206 0.32312938071338
0x30 1300000 0.373169366386937 0.296404466277391
0x30 1200000 0.346092653853536 0.263315557614924
0x30 1100000 0.318762553920116 0.233258464823077
0x30 1000000 0.28955955567656 0.205290241055417
0x30 900000 0.261758821776699 0.179214745166864
0x30 800000 0.232660631950585 0.15697425288676
0x30 700000 0.203526702855688 0.135978778484888
0x30 600000 0.17341175091095 0.120579477485457
0x30 500000 0.143680694932011 0.106418189323361
0x30 400000 0.114196601316008 0.0902023739229322
0x30 300000 0.0837306817205286 0.073700376973713
0x30 200000 0.0536952396097111 0.0570914250098412
0x10 2000000 0.277266050344984 0.462501161811661
0x10 1900000 0.264226036017152 0.375106784159996
0x10 1800000 0.252779832451095 0.325476240268119
0x10 1700000 0.237985782999191 0.289647164632813
0x10 1600000 0.225917555530391 0.256073712165945
0x10 1500000 0.212158740178728 0.226181835826444
0x10 1400000 0.198403538910426 0.204085544876001
0x10 1300000 0.18513061698828 0.188427911636706
0x10 1200000 0.17200506935426 0.168506087893102
0x10 1100000 0.157384897468455 0.149908046024144
0x10 1000000 0.143382332272399 0.132586459290119
0x10 900000 0.129093049796447 0.116223025466912
0x10 800000 0.114526687596225 0.102556874097887
0x10 700000 0.099509368105634 0.0905343445195294
0x10 600000 0.0848618898122203 0.0811253786139177
0x10 500000 0.0695654827732709 0.071807819949263
0x10 400000 0.0548276523958562 0.0621670042754669
0x10 300000 0.0399850136010004 0.0525630932073656
0x10 200000 0.0253210711500575 0.0428035335476534
0xF 1400000 0.32754959526282 0.155627918197524
0xF 1300000 0.31091718207511 0.139779782016796
0xF 1200000 0.293820961522862 0.124227907809561
0xF 1100000 0.275933256714766 0.111785246632113
0xF 1000000 0.25439934336121 0.100192074804269
0xF 900000 0.232432141569267 0.0897475588286751
0xF 800000 0.211131537374842 0.0790269417289944
0xF 700000 0.189865066189929 0.0710242804968727
0xF 600000 0.165008203969227 0.0632842228710143
0xF 500000 0.140253339212242 0.0562513326663168
0xF 400000 0.114088981944843 0.0515579552661505
0xF 300000 0.0866086967695717 0.0466662156103748
0xF 200000 0.0575297820547108 0.0412875401850151
0x7 1400000 0.248155813574336 0.131929010573853
0x7 1300000 0.235700879186012 0.118592437836242
0x7 1200000 0.220716488010479 0.105504458623103
0x7 1100000 0.207355221828421 0.0954356520360408
0x7 1000000 0.192201771864602 0.0860878520972751
0x7 900000 0.174239376000398 0.0785169405808512
0x7 800000 0.159036131999174 0.0686845968376853
0x7 700000 0.141839118677663 0.0619049132331715
0x7 600000 0.123668310673031 0.055969080774614
0x7 500000 0.10512966929531 0.0505044654572891
0x7 400000 0.0851967948702504 0.0467374620019245
0x7 300000 0.0644262562352977 0.0437738171390456
0x7 200000 0.042887925668746 0.0388368009994314
0x3 1400000 0.16348145453202 0.106162761612649
0x3 1300000 0.15491647853355 0.0959347184862004
0x3 1200000 0.145642339066876 0.0857592985937978
0x3 1100000 0.136006389699381 0.078950227988453
0x3 1000000 0.12597489898637 0.072082725090758
0x3 900000 0.115173608517672 0.0653414837838429
0x3 800000 0.104173141899353 0.057435526287014
0x3 700000 0.0936139950157775 0.0526213546450597
0x3 600000 0.0812080515352225 0.0481933145256528
0x3 500000 0.0685254298952157 0.0442522101758299
0x3 400000 0.0555139266694455 0.0415684252394699
0x3 300000 0.0419775782268343 0.038848760825351
0x3 200000 0.0276071796576901 0.0358734978458645
0x1 1400000 0.0835740714415936 0.0809562325044832
0x1 1300000 0.0793014217803938 0.0732315517976643
0x1 1200000 0.0739080047127647 0.0660741085487469
0x1 1100000 0.0688490911383479 0.0604603371167388
0x1 1000000 0.0634315801816519 0.055695029906399
0x1 900000 0.057463122294959 0.0513356733587018
0x1 800000 0.0516030869090673 0.0455739417946026
0x1 700000 0.0458370176905365 0.0426613824738661
0x1 600000 0.0395300406624534 0.0399338587455714
0x1 500000 0.0331411444115429 0.0374029887263264
0x1 400000 0.0266213380300354 0.0358010554717229
0x1 300000 0.0198762537857523 0.0342119363163189
0x1 200000 0.0129139229750492 0.0323957513230985
