cores freq perf power
0xF0 2000000 0.837520399902337 1
0xF0 1900000 0.863054009946157 0.847072284059604
0xF0 1800000 0.858929053316028 0.692433876477628
0xF0 1700000 1 0.542403936656216
0xF0 1600000 0.965304103111066 0.478089576684443
0xF0 1500000 0.929156118685668 0.420758759322789
0xF0 1400000 0.889744149886274 0.380732524610896
0xF0 1300000 0.853287757488531 0.353533759526616
0xF0 1200000 0.811215769927653 0.318708085382392
0xF0 1100000 0.76294992225549 0.285663400312171
0xF0 1000000 0.714105809635179 0.255755647574331
0xF0 900000 0.671751114766317 0.255402710980622
0xF0 800000 0.552988344748712 0.226038495091409
0xF0 700000 0.419075033089605 0.204104971459786
0xF0 600000 0.317300402215397 0.189276923871323
0xF0 500000 0.270216785103895 0.182021612836891
0xF0 400000 0.19685423868207 0.162868099007049
0xF0 300000 0.16966293578689 0.153584670811437
0xF0 200000 0.145478610622085 0.14310727333834
0x70 2000000 0.137524255001992 0.160703916454763
0x70 1900000 0.146943548490728 0.440535709918007
0x70 1800000 0.240969429059741 0.78824456621683
0x70 1700000 0.46902427427749 0.598371382422562
0x70 1600000 0.590100104087691 0.487463231996927
0x70 1500000 0.702283504028579 0.417104923447364
0x70 1400000 0.758233850345031 0.363094935051876
0x70 1300000 0.729770364563924 0.32847616726803
0x70 1200000 0.666122669271001 0.30451325822258
0x70 1100000 0.568999858646346 0.27593246011119
0x70 1000000 0.464539508346291 0.249305858149565
0x70 900000 0.372595381590614 0.224154958731965
0x70 800000 0.359243886454465 0.222138074665657
0x70 700000 0.256171372029967 0.193564161354349
0x70 600000 0.20572096788702 0.174592370010898
0x70 500000 0.181832200362379 0.166895525876431
0x70 400000 0.160423546948689 0.158538103291931
0x70 300000 0.110127346791915 0.140155143534493
0x70 200000 0.0991274624449042 0.132618642770371
0x30 2000000 0.100181189683753 0.241957602314018
0x30 1900000 0.10084940695717 0.274062149815062
0x30 1800000 0.0951824104653105 0.361301625809304
0x30 1700000 0.202688289492283 0.71668069293701
0x30 1600000 0.195967565761575 0.586700921566727
0x30 1500000 0.103226718410671 0.520148095673356
0x30 1400000 0.177193230445007 0.493456088110947
0x30 1300000 0.173286729461957 0.411619187213114
0x30 1200000 0.148678343335175 0.336974547075274
0x30 1100000 0.13431167195672 0.31582154235828
0x30 1000000 0.172155900230021 0.229142090497074
0x30 900000 0.118377260052172 0.229406430584456
0x30 800000 0.096146185378892 0.239870239636338
0x30 700000 0.0997185777252342 0.21006847658398
0x30 600000 0.108572456598003 0.194583474124475
0x30 500000 0.0595869903236999 0.15531040030583
0x30 400000 0.0510543697554582 0.161275173682671
0x30 300000 0.0460941415335586 0.150160207486133
0x30 200000 0.0289260977396266 0.100336177540876
0x10 2000000 0.0441665917063956 0.194710661747054
0x10 1900000 0.0448348089798121 0.220213954221515
0x10 1800000 0.0453359719348745 0.23732630600581
0x10 1700000 0.0454387745923232 0.249823124050509
0x10 1600000 0.0456443799072206 0.257172466959754
0x10 1500000 0.0469936647862347 0.258116409286871
0x10 1400000 0.0431385651319087 0.276963368334087
0x10 1300000 0.0398617304257315 0.262668530394128
0x10 1200000 0.0425860008481219 0.274731606033621
0x10 1100000 0.0422518922114137 0.27265674470346
0x10 1000000 0.0417892802528945 0.269870393638445
0x10 900000 0.0378185276089387 0.265951311780889
0x10 800000 0.037278813657333 0.260506521989236
0x10 700000 0.0366105963839165 0.254382311136798
0x10 600000 0.036674848044822 0.252506384293235
0x10 500000 0.0344131895809507 0.24985845394567
0x10 400000 0.0336421696500855 0.241557921551327
0x10 300000 0.015818758914918 0.15874428493651
0x10 200000 0.0323057351032524 0.230159591477705
0xF 1400000 0.463293026124725 0.167345393208145
0xF 1300000 0.354502113879644 0.168023546016283
0xF 1200000 0.333633174417559 0.166977962298472
0xF 1100000 0.215654274663 0.156541692446921
0xF 1000000 0.189336794356134 0.151483538533592
0xF 900000 0.158984309744407 0.139334040535166
0xF 800000 0.143024197175497 0.131788118465668
0xF 700000 0.131497449209062 0.126961873607753
0xF 600000 0.0997185777252342 0.11522347064584
0xF 500000 0.0910189028386384 0.110145205869111
0xF 400000 0.0843881314331976 0.106701718754105
0xF 300000 0.0764080751487426 0.102432961523932
0xF 200000 0.0626839203793418 0.0943148763317785
0x7 1400000 0.0657037484418972 0.101825649685066
0x7 1300000 0.0648941775144888 0.10508379073469
0x7 1200000 0.0531232732366132 0.109277902237651
0x7 1100000 0.0521851989873938 0.110865573372492
0x7 1000000 0.0507588121152932 0.112135818987735
0x7 900000 0.0488955139490356 0.112777192469116
0x7 800000 0.0472249707654943 0.112676819331069
0x7 700000 0.0413909199552808 0.10974570628537
0x7 600000 0.0360580321001298 0.10891391372802
0x7 500000 0.039347717138488 0.10805421961244
0x7 400000 0.0337449723075341 0.106294609654483
0x7 300000 0.0361993857541217 0.104741906056903
0x7 200000 0.0249296444313086 0.103497750210394
0x3 1400000 0.0333723126742826 0.105581126951184
0x3 1300000 0.0295943150130431 0.104941746438248
0x3 1200000 0.0291959547154294 0.107678998007937
0x3 1100000 0.0287590434212724 0.109458900008244
0x3 1000000 0.0282321798018479 0.110496511852274
0x3 900000 0.0276153638571557 0.110849267267033
0x3 800000 0.0252766034001979 0.113162016557944
0x3 700000 0.0236060602166566 0.111764039783274
0x3 600000 0.0247368894485922 0.112246338146956
0x3 500000 0.0230020946041455 0.110402661156411
0x3 400000 0.0238759171924594 0.110358815850622
0x3 300000 0.021896966036572 0.107634971523199
0x3 200000 0.0198409128875981 0.110174738037886
0x1 1400000 0.022333877330729 0.107175320528209
0x1 1300000 0.0214086534136907 0.11024068717552
0x1 1200000 0.0215500070676827 0.11150821510652
0x1 1100000 0.0213829527493286 0.113881840524477
0x1 1000000 0.0208946401264473 0.116053632592644
0x1 900000 0.0223724283272723 0.118086279227562
0x1 800000 0.0206761844793688 0.121096929832111
0x1 700000 0.0151505416415014 0.114041096821125
0x1 600000 0.0179776147213405 0.115872453643101
0x1 500000 0.0193526002647168 0.117594921916402
0x1 400000 0.0131844408177951 0.110217858627877
0x1 300000 0.0139426104164793 0.109476474366349
0x1 200000 0.00867397422223365 0.105048642018478
