cores freq perf power
0xF0 2000000 1 1
0xF0 1900000 0.977683852665189 0.801251396008133
0xF0 1800000 0.95551701563164 0.686861057816214
0xF0 1700000 0.945042323727704 0.607055926233498
0xF0 1600000 0.924954345504037 0.540678603132785
0xF0 1500000 0.897285998139364 0.481798559605968
0xF0 1400000 0.861669748584423 0.436974170270038
0xF0 1300000 0.853687390170788 0.406957489762607
0xF0 1200000 0.81686517279796 0.366983333810601
0xF0 1100000 0.782730540847853 0.329300420950145
0xF0 1000000 0.737007132438237 0.295917929039833
0xF0 900000 0.624174486315137 0.262852581541193
0xF0 800000 0.640908725464298 0.234602746198562
0xF0 700000 0.586421950911367 0.215677171329572
0xF0 600000 0.521770590464814 0.197531213310043
0xF0 500000 0.454420159187752 0.177702886515277
0xF0 400000 0.384600365235968 0.156341456430228
0xF0 300000 0.299803599526801 0.13370249992841
0xF0 200000 0.205336120458957 0.110851636551072
0x70 2000000 0.987986263452284 0.966358709658944
0x70 1900000 0.965739028564209 0.772850863377337
0x70 1800000 0.940804208253414 0.663789338793276
0x70 1700000 0.933855536540825 0.59146752670313
0x70 1600000 0.842362778090436 0.533519945018757
0x70 1500000 0.887420032848266 0.46836466596031
0x70 1400000 0.851482191875222 0.424629162967842
0x70 1300000 0.843741027025165 0.3953290999685
0x70 1200000 0.809606395075057 0.357524125884138
0x70 1100000 0.770567493998874 0.322214068898371
0x70 1000000 0.729392307073863 0.2900507574239
0x70 900000 0.6853457682015 0.259752369634317
0x70 800000 0.570698427647674 0.231052948082815
0x70 700000 0.581242031998346 0.212102316657599
0x70 600000 0.517187912756842 0.194819735975488
0x70 500000 0.452754775058288 0.175948211677787
0x70 400000 0.382360710717034 0.155335972623923
0x70 300000 0.297736226124709 0.133453366169354
0x70 200000 0.204532141913699 0.110194438876321
0x30 2000000 0.956389906623635 0.916354414249306
0x30 1900000 0.935187843844396 0.736632685203746
0x30 1800000 0.915444427854411 0.635095644454626
0x30 1700000 0.847933200868297 0.580608373185189
0x30 1600000 0.885835046573329 0.506453495031643
0x30 1500000 0.796547486418505 0.458561109361129
0x30 1400000 0.831233417942504 0.410715257295037
0x30 1300000 0.82110328827225 0.383647733455514
0x30 1200000 0.790310909988859 0.347531571260846
0x30 1100000 0.753500178023821 0.313973325506142
0x30 1000000 0.713312736168698 0.282676970877123
0x30 900000 0.670093146657172 0.25442355602646
0x30 800000 0.622497616777884 0.225401262850434
0x30 700000 0.57057208816199 0.207769680135162
0x30 600000 0.509412291683416 0.191747444231265
0x30 500000 0.444692018790127 0.172487543312047
0x30 400000 0.377892887086956 0.152716488645801
0x30 300000 0.295106067740935 0.130944846940237
0x30 200000 0.202705962075183 0.108236090031786
0x10 2000000 0.86655104689492 0.831526516995504
0x10 1900000 0.84710625150746 0.675530841041207
0x10 1800000 0.829166044540411 0.586318404398499
0x10 1700000 0.823274030344447 0.525947853726984
0x10 1600000 0.803725866286882 0.46974492425761
0x10 1500000 0.784958709958997 0.419881661464448
0x10 1400000 0.753442750984874 0.382491910311847
0x10 1300000 0.687723247613906 0.364573609003179
0x10 1200000 0.716471223310784 0.325014675982933
0x10 1100000 0.683542559178564 0.294200123135076
0x10 1000000 0.647271641379627 0.264710346210017
0x10 900000 0.607313907680292 0.237117350591335
0x10 800000 0.510250726452043 0.211631969302139
0x10 700000 0.514626666819805 0.195474427994616
0x10 600000 0.458003606418046 0.178462458119756
0x10 500000 0.399290201798615 0.160085621832135
0x10 400000 0.335546188567425 0.139893617021277
0x10 300000 0.257238678259272 0.119368002061797
0x10 200000 0.170351568332434 0.0986018441625383
0xF 1400000 0.581092721697084 0.210218779530941
0xF 1300000 0.576027656861957 0.19913984421981
0xF 1200000 0.559764319432161 0.183227499212508
0xF 1100000 0.542536207748056 0.170685618968529
0xF 1000000 0.522092181882918 0.160034792818075
0xF 900000 0.500132082189578 0.149185661922625
0xF 800000 0.475817473899411 0.133628404112139
0xF 700000 0.443899525652658 0.125709458492025
0xF 600000 0.408352188544454 0.118094413103863
0xF 500000 0.367108089172706 0.111423283983849
0xF 400000 0.322487279910873 0.10622905987801
0xF 300000 0.262843557260501 0.101204862403711
0xF 200000 0.190887477459887 0.0912241201569256
0x7 1400000 0.516900777562107 0.205496692534578
0x7 1300000 0.513535553079812 0.193884052575814
0x7 1200000 0.500442188199892 0.1780808825635
0x7 1100000 0.486372563657873 0.167565003865869
0x7 1000000 0.467536494883251 0.155948068497466
0x7 900000 0.449768569033044 0.145857435354085
0x7 800000 0.428371254321385 0.131380115116978
0x7 700000 0.401897389366809 0.123496606626385
0x7 600000 0.371621854433942 0.116319335070588
0x7 500000 0.33661433149184 0.11035229518055
0x7 400000 0.296449860452295 0.104997709114859
0x7 300000 0.244214225826088 0.0983996019587068
0x7 200000 0.177644802278705 0.0907913576358065
0x3 1400000 0.421675261580162 0.195264310873114
0x3 1300000 0.419343723798913 0.18441804358409
0x3 1200000 0.40978786451813 0.17030475931388
0x3 1100000 0.399336143429772 0.15888362303485
0x3 1000000 0.385748906014908 0.148520589330202
0x3 900000 0.371472544132679 0.139445104664815
0x3 800000 0.356231407996141 0.125501489075341
0x3 700000 0.335787382131003 0.118324575470347
0x3 600000 0.312391606463988 0.11177013831219
0x3 500000 0.286204876704147 0.106526516995504
0x3 400000 0.254976052924759 0.10208148392085
0x3 300000 0.211859832083338 0.0959358265799948
0x3 200000 0.156454224907255 0.0891272443515363
0x1 1400000 0.269034192058989 0.176711362790298
0x1 1300000 0.268942308796674 0.164819163254202
0x1 1200000 0.264164379156282 0.15098830216775
0x1 1100000 0.257893346503268 0.140807107471149
0x1 1000000 0.249979900536369 0.132163669425274
0x1 900000 0.242261706501889 0.124019572749921
0x1 800000 0.233498340358574 0.11209802124796
0x1 700000 0.222162242870433 0.106523653389078
0x1 600000 0.20874728657241 0.101641920334469
0x1 500000 0.192736628113981 0.0970562125941411
0x1 400000 0.171603477781479 0.0935905329171559
0x1 300000 0.144899904671115 0.0887968557601443
0x1 200000 0.106998058966084 0.0830012743048595
